T_Sistema(1f(1),3f(3))	NBarras	NLinhas	Vbase_(kV)	comprimento_linhas(m,km,ft,millas)	Z(ohm,ohm/m,ohm/km,ohm/ft,ohm/milla)	Demanda(VAR,kVAR,MVAR)
1	5	4	12.66	1	1	3
		kVA    kV_hihg	kV_low	R1%	X1%	R0%	X0%
subestacao	1000	69.0	12.66	1	8	0	8
[nó]	tipo	[SCMa]	[SCMb]	[SCMc]	[Ca]	[Cb]	[Cc]	ModeloCarga(Pconst,Icons,Zconst)   
1	3	0.0	0.0	0.0	0.0	0.0	0.0	0.0	0.0	0.0	0.0	0.0	0.0	1
2	0	1.0	0.6	0.0	0.0	0.0	0.0	0.0	0.0	0.0	0.0	0.0	0.0	1
3	0	0.9	0.4	0.0	0.0	0.0	0.0	0.0	0.0	0.0	0.0	0.0	0.0	1
4	0	1.2	0.8	0.0	0.0	0.0	0.0	0.0	0.0	0.0	0.0	0.0	0.0	1
5	0	0.8	0.6	0.0	0.0	0.0	0.0	0.0	0.0	0.0	0.0	0.0	0.0	1
 Tipo_Cir	noi	nof	Zaa	[Zbb]	[Zcc]	[Znn]	[Zab]	[Zac]	[Zan]	[Zbc]	[Zbn]	[Zcn]	Tipo_Cabo	[DL_km]   
CP	1	2	0.322	0.270	0.0000	0.0000	0.0000	0.000	0.0000	0.000	0.0000	0.000	0.0000	0.000	0.0000	0.000	0.0000	0.000	0.0000	0.000	0.0000	0.000	4/0	1.00
CP	2	3	0.4930	0.2511	0.0000	0.0000	0.0000	0.000	0.0000	0.000	0.0000	0.000	0.0000	0.000	0.0000	0.000	0.0000	0.000	0.0000	0.000	0.0000	0.000	4/0	1.00
CP	3	4	0.3660	0.1864	0.0000	0.0000	0.0000	0.000	0.0000	0.000	0.0000	0.000	0.0000	0.000	0.0000	0.000	0.0000	0.000	0.0000	0.000	0.0000	0.000	4/0	1.00
CP	4	5	0.3811	0.1941	0.0000	0.0000	0.0000	0.000	0.0000	0.000	0.0000	0.000	0.0000	0.000	0.0000	0.000	0.0000	0.000	0.0000	0.000	0.0000	0.000	4/0	1.00

	
	
	
	
	
	
				    