T_Sistema(1f(1),3f(3))	NBarras	NLinhas	Vbase_(kV)	comprimento_linhas(m,km,ft,millas)	Z(ohm,ohm/m,ohm/km,ohm/ft,ohm/milla)	Demanda(VAR,kVAR,MVAR)
1	14	13	23.0	1	1	3
		kVA    kV_hihg	kV_low	R1%	X1%	R0%	X0%
subestacao	2500	69.0	23.0	1	8	0	8
[nó]	tipo	[SCMa]	[SCMb]	[SCMc]	[Ca]	[Cb]	[Cc]	ModeloCarga(Pconst,Icons,Zconst)   
1	3	0.0	0.0	0.0	0.0	0.0	0.0	0.0	0.0	0.0	0.0	0.0	0.0	1
4	0	2.0	1.6	0.0	0.0	0.0	0.0	0.0	0.0	0.0	0.0	0.0	0.0	1
5	0	3.0	1.5	0.0	0.0	0.0	0.0	0.0	1.1	0.0	0.0	0.0	0.0	1
6	0	2.0	0.8	0.0	0.0	0.0	0.0	0.0	1.2	0.0	0.0	0.0	0.0	1
7	0	1.5	1.2	0.0	0.0	0.0	0.0	0.0	0.0	0.0	0.0	0.0	0.0	1
8	0	4.0	2.7	0.0	0.0	0.0	0.0	0.0	0.0	0.0	0.0	0.0	0.0	1
9	0	5.0	3.0	0.0	0.0	0.0	0.0	0.0	1.2	0.0	0.0	0.0	0.0	1
10	0	1.0	0.9	0.0	0.0	0.0	0.0	0.0	0.0	0.0	0.0	0.0	0.0	1
11	0	0.6	0.1	0.0	0.0	0.0	0.0	0.0	0.6	0.0	0.0	0.0	0.0	1
12	0	4.5	2.0	0.0	0.0	0.0	0.0	0.0	3.7	0.0	0.0	0.0	0.0	1
13	0	1.0	0.9	0.0	0.0	0.0	0.0	0.0	0.0	0.0	0.0	0.0	0.0	1
14	0	1.0	0.7	0.0	0.0	0.0	0.0	0.0	1.8	0.0	0.0	0.0	0.0	1
15	0	1.0	0.9	0.0	0.0	0.0	0.0	0.0	0.0	0.0	0.0	0.0	0.0	1
16	0	2.1	1.0	0.0	0.0	0.0	0.0	0.0	1.8	0.0	0.0	0.0	0.0	1
 Tipo_Cir	noi	nof	Zaa	[Zbb]	[Zcc]	[Znn]	[Zab]	[Zac]	[Zan]	[Zbc]	[Zbn]	[Zcn]	Tipo_Cabo	[DL_km]   
CP	1	4	0.13225000000000001000	0.17633333333333334000	0.0000	0.0000	0.0000	0.000	0.0000	0.000	0.0000	0.000	0.0000	0.000	0.0000	0.000	0.0000	0.000	0.0000	0.000	0.0000	0.000	4/0	1.00
CP	4	5	0.14106666666666667000	0.19396666666666668000	0.0000	0.0000	0.0000	0.000	0.0000	0.000	0.0000	0.000	0.0000	0.000	0.0000	0.000	0.0000	0.000	0.0000	0.000	0.0000	0.000	4/0	1.00
CP	4	6	0.15870000000000001000	0.31740000000000002000	0.0000	0.0000	0.0000	0.000	0.0000	0.000	0.0000	0.000	0.0000	0.000	0.0000	0.000	0.0000	0.000	0.0000	0.000	0.0000	0.000	4/0	1.00
CP	6	7	0.07053333333333333700	0.07053333333333333700	0.0000	0.0000	0.0000	0.000	0.0000	0.000	0.0000	0.000	0.0000	0.000	0.0000	0.000	0.0000	0.000	0.0000	0.000	0.0000	0.000	4/0	1.00
CP	1	8	0.19396666666666668000	0.19396666666666668000	0.0000	0.0000	0.0000	0.000	0.0000	0.000	0.0000	0.000	0.0000	0.000	0.0000	0.000	0.0000	0.000	0.0000	0.000	0.0000	0.000	4/0	1.00
CP	8	9	0.14106666666666667000	0.19396666666666668000	0.0000	0.0000	0.0000	0.000	0.0000	0.000	0.0000	0.000	0.0000	0.000	0.0000	0.000	0.0000	0.000	0.0000	0.000	0.0000	0.000	4/0	1.00
CP	8	10	0.19396666666666668000	0.19396666666666668000	0.0000	0.0000	0.0000	0.000	0.0000	0.000	0.0000	0.000	0.0000	0.000	0.0000	0.000	0.0000	0.000	0.0000	0.000	0.0000	0.000	4/0	1.00
CP	9	11	0.19396666666666668000	0.19396666666666668000	0.0000	0.0000	0.0000	0.000	0.0000	0.000	0.0000	0.000	0.0000	0.000	0.0000	0.000	0.0000	0.000	0.0000	0.000	0.0000	0.000	4/0	1.00
CP	9	12	0.14106666666666667000	0.19396666666666668000	0.0000	0.0000	0.0000	0.000	0.0000	0.000	0.0000	0.000	0.0000	0.000	0.0000	0.000	0.0000	0.000	0.0000	0.000	0.0000	0.000	4/0	1.00
CP	1	13	0.19396666666666668000	0.19396666666666668000	0.0000	0.0000	0.0000	0.000	0.0000	0.000	0.0000	0.000	0.0000	0.000	0.0000	0.000	0.0000	0.000	0.0000	0.000	0.0000	0.000	4/0	1.00
CP	13	14	0.15870000000000001000	0.21160000000000001000	0.0000	0.0000	0.0000	0.000	0.0000	0.000	0.0000	0.000	0.0000	0.000	0.0000	0.000	0.0000	0.000	0.0000	0.000	0.0000	0.000	4/0	1.00
CP	13	15	0.14106666666666667000	0.19396666666666668000	0.0000	0.0000	0.0000	0.000	0.0000	0.000	0.0000	0.000	0.0000	0.000	0.0000	0.000	0.0000	0.000	0.0000	0.000	0.0000	0.000	4/0	1.00
CP	15	16	0.07053333333333333700	0.07053333333333333700	0.0000	0.0000	0.0000	0.000	0.0000	0.000	0.0000	0.000	0.0000	0.000	0.0000	0.000	0.0000	0.000	0.0000	0.000	0.0000	0.000	4/0	1.00
 						   																																																															  
   
   
   
           0.075     0.100
     	   0.080     0.110
     	   0.090     0.180
     	   0.040     0.040
     	   0.110     0.110
     	   0.080     0.110
     	   0.110     0.110
     	   0.110     0.110
     	   0.080     0.110
     	   0.110     0.110
     	   0.090     0.120
     	   0.080     0.110
     	   0.040     0.040
     	   0.040     0.040
     
      0.00000000000000000000        0.00000000000000000000
	  0.13225000000000001000        0.17633333333333334000
	  0.14106666666666667000        0.19396666666666668000
	  0.15870000000000001000        0.31740000000000002000
	  0.07053333333333333700        0.07053333333333333700
	  0.19396666666666668000        0.19396666666666668000
	  0.14106666666666667000        0.19396666666666668000
	  0.19396666666666668000        0.19396666666666668000
	  0.19396666666666668000        0.19396666666666668000
	  0.14106666666666667000        0.19396666666666668000
	  0.19396666666666668000        0.19396666666666668000
	  0.15870000000000001000        0.21160000000000001000
	  0.14106666666666667000        0.19396666666666668000
	  0.07053333333333333700        0.07053333333333333700	 
	  0.07053333333333333700        0.07053333333333333700
	  0.07053333333333333700        0.07053333333333333700
	  0.15870000000000001000        0.21160000000000001000
     
	 
				
	
	
	1       0.0     0.0     0.0   0.0   
    4      	2.0	    1.6     0.0   0.0
    5	  	3.0	    1.5	    0.0   0.0
    6	  	2.0	    0.8	    0.0   0.0
    7	  	1.5	    1.2	    0.0   0.0
    8	  	4.0	    2.7	    0.0   0.0
    9	  	5.0	    3.0	    0.0   0.0
   10	  	1.0	    0.9	    0.0   0.0
   11	  	0.6	    0.1	    0.0   0.0
   12	  	4.5	    2.0	    0.0   0.0
   13	  	1.0	    0.9	    0.0   0.0
   14	  	1.0	    0.7	    0.0   0.0
   15	  	1.0	    0.9	    0.0   0.0
   16	  	2.1	    1.0	    0.0   0.0
	
	
	
	
	
	
	
	
	
	
	
	
	
				    