Tipo_de_Sistema(Monofasico(1),Trifasico(3))
3

NumBarras     
34
  
NumLinhas     
33 

Voltagem_base_da_rede(kV)
24.9

Voltagem_referencia_da_rede(kV)
24.9

comprimento(m,km,ft,millas)
2

impedancia(ohm,ohm/m,ohm/km,ohm/ft,ohm/milla)
3

Demanda(VA,kVA)
2
				 kVA    kV_hihg      kV_low    R1%    X1%   R0%    X0%
subestacion		2500       69.0        24.9     1     8      0     8


  
[nó] tipo        [SCMa]              [SCMb]              [SCMc]               [Ca]                [Cb]                [Cc]         ModeloCarga(Pconst,Icons,Zconst)     
800   3      0.000     0.000     0.000     0.000     0.000     0.000     0.000     0.000     0.000     0.000     0.000     0.000         1
802   0	     0.000     0.000    15.000     7.500    12.500     7.000     0.000     0.000     0.000     0.000     0.000     0.000         1
806   0      0.000     0.000    15.000     7.500    12.500     7.000     0.000     0.000     0.000     0.000     0.000     0.000         1
808   0      0.000     0.000     8.000     4.000     0.000     0.000     0.000     0.000     0.000     0.000     0.000     0.000         1
810   0      0.000     0.000     8.000     4.000     0.000     0.000     0.000     0.000     0.000     0.000     0.000     0.000         1
812   0      0.000     0.000     0.000     0.000     0.000     0.000     0.000     0.000     0.000     0.000     0.000     0.000         1
814   0      0.000     0.000     0.000     0.000     0.000     0.000     0.000     0.000     0.000     0.000     0.000     0.000         1
850   0      0.000     0.000     0.000     0.000     0.000     0.000     0.000     0.000     0.000     0.000     0.000     0.000         1
816   0      0.000     0.000     2.500     1.000     0.000     0.000     0.000     0.000     0.000     0.000     0.000     0.000         1
818   0     17.000     8.500     0.000     0.000     0.000     0.000     0.000     0.000     0.000     0.000     0.000     0.000         1
824   0      0.000     0.000    22.500    11.000     2.000     1.000     0.000     0.000     0.000     0.000     0.000     0.000         1
820   0     84.500    43.500     0.000     0.000     0.000     0.000     0.000     0.000     0.000     0.000     0.000     0.000         1
828   0      3.500     1.500     0.000     0.000     2.000     1.000     0.000     0.000     0.000     0.000     0.000     0.000         1
826   0      0.000     0.000    20.000    10.000     0.000     0.000     0.000     0.000     0.000     0.000     0.000     0.000         1
822   0     67.500    35.000     0.000     0.000     0.000     0.000     0.000     0.000     0.000     0.000     0.000     0.000         1
830   0     13.500     6.500    10.000     5.000    25.000    10.000     0.000     0.000     0.000     0.000     0.000     0.000		 1
854   0      0.000     0.000     2.000     1.000     0.000     0.000     0.000     0.000     0.000     0.000     0.000     0.000		 1
852   0      0.000     0.000     0.000     0.000     0.000     0.000     0.000     0.000     0.000     0.000     0.000     0.000		 1
856   0      0.000     0.000     2.000     1.000     0.000     0.000     0.000     0.000     0.000     0.000     0.000     0.000		 1
832   0      3.500     1.500     1.000     0.500     3.000     1.500     0.000     0.000     0.000     0.000     0.000     0.000		 1
888   0      0.000     0.000     0.000     0.000     0.000     0.000     0.000     0.000     0.000     0.000     0.000     0.000		 1
858   0      6.500     3.000     8.500     4.500     9.500     5.000     0.000     0.000     0.000     0.000     0.000     0.000		 1
890   0    150.000    75.000   150.000    75.000   150.000    75.000     0.000     0.000     0.000     0.000     0.000     0.000		 1
834   0     10.000     5.000    17.500     9.000    61.500    31.000     0.000     0.000     0.000     0.000     0.000     0.000		 1
864   0      1.000     0.500     0.000     0.000     0.000     0.000     0.000     0.000     0.000     0.000     0.000     0.000		 1
860   0     43.000    27.500    35.000    24.000    96.000    54.500     0.000     0.000     0.000     0.000     0.000     0.000		 1
842   0      4.500     2.500     0.000     0.000     0.000     0.000     0.000     0.000     0.000     0.000     0.000     0.000		 1
836   0     24.000    12.000    16.000     8.500    21.000    11.000     0.000     0.000     0.000     0.000     0.000     0.000		 1
844   0    139.500   107.500   147.500   111.000   145.000   110.500     0.000   100.000     0.000   100.000     0.000   100.000         1
862   0      0.000     0.000    14.000     7.000     0.000     0.000     0.000     0.000     0.000     0.000     0.000     0.000		 1
840   0     18.000    11.500    20.000    12.500     9.000     7.000     0.000     0.000     0.000     0.000     0.000     0.000		 1
846   0      0.000     0.000    24.000    11.500    10.000     5.500     0.000     0.000     0.000     0.000     0.000     0.000		 1
838   0      0.000     0.000    14.000     7.000     0.000     0.000     0.000     0.000     0.000     0.000     0.000     0.000         1
848   0     20.000    16.000    31.500    21.500    20.000    16.000     0.000   150.000     0.000   150.000     0.000   150.000         1
    
Tipo_Cir	noi    nof           [Zaa]                [Zbb]                [Zcc]               [Znn]               [Zab]              [Zac]               [Zan]                [Zbc]               [Zbn]                [Zcn]      Tipo_Cabo        [DL_km]
  CP		800    802     1.1093    1.0112    1.1093    1.0112     1.1093    1.0112     1.1093    1.0112    .0592     .5292    .0592     .4851     .0592     .4890      .0592     .4521     .0592     .4680      .0592     .4772      CP           0.7864
  CP		802    806     1.1093    1.0112    1.1093    1.0112     1.1093    1.0112     1.1093    1.0112    .0592     .5292    .0592     .4851     .0592     .4890      .0592     .4521     .0592     .4680      .0592     .4772      CP           0.5273
  CP		806    808     1.1093    1.0112    1.1093    1.0112     1.1093    1.0112     1.1093    1.0112    .0592     .5292    .0592     .4851     .0592     .4890      .0592     .4521     .0592     .4680      .0592     .4772      CP           9.8237
  CP		808    812     1.1093    1.0112    1.1093    1.0112     1.1093    1.0112     1.1093    1.0112    .0592     .5292    .0592     .4851     .0592     .4890      .0592     .4521     .0592     .4680      .0592     .4772      CP          11.4300
  CP		812    814     1.1093    1.0112    1.1093    1.0112     1.1093    1.0112     1.1093    1.0112    .0592     .5292    .0592     .4851     .0592     .4890      .0592     .4521     .0592     .4680      .0592     .4772      CP           9.0617
  CP		814    850     1.1093    1.0112    1.1093    1.0112     1.1093    1.0112     1.1093    1.0112    .0592     .5292    .0592     .4851     .0592     .4890      .0592     .4521     .0592     .4680      .0592     .4772      CP           0.0000
  CP		850    816     1.1093    1.0112    1.1093    1.0112     1.1093    1.0112     1.1093    1.0112    .0592     .5292    .0592     .4851     .0592     .4890      .0592     .4521     .0592     .4680      .0592     .4772      CP           0.0945
  CP		816    824     1.1093    1.0112    1.1093    1.0112     1.1093    1.0112     1.1093    1.0112    .0592     .5292    .0592     .4851     .0592     .4890      .0592     .4521     .0592     .4680      .0592     .4772      CP           3.1120
  CP		824    828     1.1093    1.0112    1.1093    1.0112     1.1093    1.0112     1.1093    1.0112    .0592     .5292    .0592     .4851     .0592     .4890      .0592     .4521     .0592     .4680      .0592     .4772      CP           0.2560
  CP		828    830     1.1093    1.0112    1.1093    1.0112     1.1093    1.0112     1.1093    1.0112    .0592     .5292    .0592     .4851     .0592     .4890      .0592     .4521     .0592     .4680      .0592     .4772      CP           6.2301
  CP		830    854     1.1093    1.0112    1.1093    1.0112     1.1093    1.0112     1.1093    1.0112    .0592     .5292    .0592     .4851     .0592     .4890      .0592     .4521     .0592     .4680      .0592     .4772      CP           0.1585
  CP		854    852     1.1093    1.0112    1.1093    1.0112     1.1093    1.0112     1.1093    1.0112    .0592     .5292    .0592     .4851     .0592     .4890      .0592     .4521     .0592     .4680      .0592     .4772      CP          11.2258
  CP		852    832     1.1093    1.0112    1.1093    1.0112     1.1093    1.0112     1.1093    1.0112    .0592     .5292    .0592     .4851     .0592     .4890      .0592     .4521     .0592     .4680      .0592     .4772      CP           0.00000
  CP		832    858     1.1093    1.0112    1.1093    1.0112     1.1093    1.0112     1.1093    1.0112    .0592     .5292    .0592     .4851     .0592     .4890      .0592     .4521     .0592     .4680      .0592     .4772      CP           1.4935
  CP		858    834     1.1093    1.0112    1.1093    1.0112     1.1093    1.0112     1.1093    1.0112    .0592     .5292    .0592     .4851     .0592     .4890      .0592     .4521     .0592     .4680      .0592     .4772      CP           1.7770
  CP		834    860     1.1093    1.0112    1.1093    1.0112     1.1093    1.0112     1.1093    1.0112    .0592     .5292    .0592     .4851     .0592     .4890      .0592     .4521     .0592     .4680      .0592     .4772      CP           0.6157
  CP		860    836     1.1093    1.0112    1.1093    1.0112     1.1093    1.0112     1.1093    1.0112    .0592     .5292    .0592     .4851     .0592     .4890      .0592     .4521     .0592     .4680      .0592     .4772      CP           0.8169
  CP		836    862     1.1093    1.0112    1.1093    1.0112     1.1093    1.0112     1.1093    1.0112    .0592     .5292    .0592     .4851     .0592     .4890      .0592     .4521     .0592     .4680      .0592     .4772      CP           0.0853
  CP		862    838      .0000     .0000    1.1093    1.0112      .0000     .0000     1.1093    1.0112    .0000     .0000    .0000     .0000     .0000     .0000      .0000     .0000     .0592     .4768      .0000     .0000      CP           1.4813
  CP		808    810      .0000    0.0000     .4271     .9610      .0000     .0000      .4271     .9610    .0000     .0000    .0000     .0000     .0000     .0000      .0000     .0000     .0592     .4768      .0000     .0000      CP           1.7691
  CP		816    818      .4271     .9610     .0000     .0000      .0000     .0000      .4271     .9610    .0000     .0000    .0000     .0000     .0592     .4768      .0000     .0000     .0000     .0000      .0000     .0000      CP           0.5212
  CP		818    820      .4271     .9610     .0000     .0000      .0000     .0000      .4271     .9610    .0000     .0000    .0000     .0000     .0592     .4768      .0000     .0000     .0000     .0000      .0000     .0000      CP          14.6761
  CP		820    822      .4271     .9610     .0000     .0000      .0000     .0000      .4271     .9610    .0000     .0000    .0000     .0000     .0592     .4768      .0000     .0000     .0000     .0000      .0000     .0000      CP           4.1880
  CP		824    826      .0000     .0000     .4271     .9610      .0000     .0000      .4271     .9610    .0000     .0000    .0000     .0000     .0000     .0000      .0000     .0000     .0592     .4768      .0000     .0000      CP           0.9235
  CP		854    856      .0000     .0000     .4271     .9610      .0000     .0000      .4271     .9610    .0000     .0000    .0000     .0000     .0000     .0000      .0000     .0000     .0592     .4768      .0000     .0000      CP           7.1110
  CP		832    888      .0000     .0000     .0000     .0000      .0000     .0000      .0000     .0000    .0000     .0000    .0000     .0000     .0000     .0000      .0000     .0000     .0000     .0000      .0000     .0000      CP           0.00000
  CP		888    890      .7552    1.0063     .7552    1.0063      .7552    1.0063      .7552    1.0063    .0592     .5292    .0592     .4851     .0592     .4890      .0592     .4521     .0592     .4680      .0592     .4772      CP           3.2187
  CP		858    864      .0000     .0000     .4271     .9610      .0000     .0000      .4271     .9610    .0000     .0000    .0000     .0000     .0000     .0000      .0000     .0000     .0592     .4768      .0000     .0000      CP           0.4938
  CP		834    842     1.1093    1.0112    1.1093    1.0112     1.1093    1.0112     1.1093    1.0112    .0592     .5292    .0592     .4851     .0592     .4890      .0592     .4521     .0592     .4680      .0592     .4772      CP           0.0853
  CP		842    844     1.1093    1.0112    1.1093    1.0112     1.1093    1.0112     1.1093    1.0112    .0592     .5292    .0592     .4851     .0592     .4890      .0592     .4521     .0592     .4680      .0592     .4772      CP           0.4115
  CP		844    846     1.1093    1.0112    1.1093    1.0112     1.1093    1.0112     1.1093    1.0112    .0592     .5292    .0592     .4851     .0592     .4890      .0592     .4521     .0592     .4680      .0592     .4772      CP           1.1095
  CP		846    848     1.1093    1.0112    1.1093    1.0112     1.1093    1.0112     1.1093    1.0112    .0592     .5292    .0592     .4851     .0592     .4890      .0592     .4521     .0592     .4680      .0592     .4772      CP           0.1615
  CP		836    840     1.1093    1.0112    1.1093    1.0112     1.1093    1.0112     1.1093    1.0112    .0592     .5292    .0592     .4851     .0592     .4890      .0592     .4521     .0592     .4680      .0592     .4772      CP           0.2621
 																					    				      

 [nó]   [G]       [Zgr]   
800     1     0.000    0.000 
802     1     0.000    0.000 
806     1     0.000    0.000 
808     1     0.000    0.000 
810     1     0.000    0.000 
812     1     0.000    0.000 
814     1     0.000    0.000 
850     1     0.000    0.000 
816     1     0.000    0.000 
818     1     0.000    0.000 
824     1     0.000    0.000 
820     1     0.000    0.000 
828     1     0.000    0.000 
826     1     0.000    0.000 
822     1     0.000    0.000 
830     1     0.000    0.000 
854     1     0.000    0.000 
852     1     0.000    0.000 
856     1     0.000    0.000 
832     1     0.000    0.000 
888     1     0.000    0.000 
858     1     0.000    0.000 
890     1     0.000    0.000 
834     1     0.000    0.000 
864     1     0.000    0.000 
860     1     0.000    0.000 
842     1     0.000    0.000 
836     1     0.000    0.000 
844     1     0.000    0.000 
862     1     0.000    0.000 
840     1     0.000    0.000 
846     1     0.000    0.000 
838     1     0.000    0.000 
848     1     0.000    0.000
          
   
   
  
  
  CP     2    6     .0000     .0000     .4271     .9610      .0000     .0000   .4271     .9610  .0000     .0000     .0000     .0000     .0000     .0000      .0000     .0000     .0592     .4768      .0000     .0000  	 CP    1.7691			
  CP    26   33    1.1093    1.0112    1.1093    1.0112     1.1093    1.0112  1.1093    1.0112  .0592     .5292     .0592     .4851     .0592     .4890      .0592     .4521     .0592     .4680      .0592     .4772  	 CP    0.4115
  CP    15   16    1.1093    1.0112    1.1093    1.0112     1.1093    1.0112  1.1093    1.0112  .0592     .5292     .0592     .4851     .0592     .4890      .0592     .4521     .0592     .4680      .0592     .4772  	 CP    0.1585
  CP    30   32    1.1093    1.0112    1.1093    1.0112     1.1093    1.0112  1.1093    1.0112  .0592     .5292     .0592     .4851     .0592     .4890      .0592     .4521     .0592     .4680      .0592     .4772  	 CP    0.2621
  CP    22   25    1.1093    1.0112    1.1093    1.0112     1.1093    1.0112  1.1093    1.0112  .0592     .5292     .0592     .4851     .0592     .4890      .0592     .4521     .0592     .4680      .0592     .4772  	 CP    0.2621
  CP    13   14    1.1093    1.0112    1.1093    1.0112     1.1093    1.0112  1.1093    1.0112  .0592     .5292     .0592     .4851     .0592     .4890      .0592     .4521     .0592     .4680      .0592     .4772  	 CP    0.2621
  
   
 [G]      : no no ramal é considerado o aterremento --> 0 não é considerado, --> sim é considerado
 [R_solo] : Resistencia do solo no ramo i
 
 
 
 
 
 
 
 nb   nl   
   34   33  
  
  [nó]        [SCMa]              [SCMb]              [SCMc]               [Ca]                [Cb]                [Cc]
   0      0.000     0.000     0.000     0.000     0.000     0.000     0.000     0.000     0.000     0.000     0.000     0.000
   1      0.000     0.000    15.000     7.500    12.500     7.000     0.000     0.000     0.000     0.000     0.000     0.000
   2      0.000     0.000    15.000     7.500    12.500     7.000     0.000     0.000     0.000     0.000     0.000     0.000
   3      0.000     0.000     8.000     4.000     0.000     0.000     0.000     0.000     0.000     0.000     0.000     0.000
   4      0.000     0.000     8.000     4.000     0.000     0.000     0.000     0.000     0.000     0.000     0.000     0.000
   5      0.000     0.000     0.000     0.000     0.000     0.000     0.000     0.000     0.000     0.000     0.000     0.000
   6      0.000     0.000     0.000     0.000     0.000     0.000     0.000     0.000     0.000     0.000     0.000     0.000
   7      0.000     0.000     0.000     0.000     0.000     0.000     0.000     0.000     0.000     0.000     0.000     0.000
   8      0.000     0.000     2.500     1.000     0.000     0.000     0.000  000.000     0.000  000.000     0.000  000.000
   9     17.000     8.500     0.000     0.000     0.000     0.000     0.000     0.000     0.000     0.000     0.000     0.000
  10      0.000     0.000    22.500    11.000     2.000     1.000     0.000     0.000     0.000     0.000     0.000     0.000
  11     84.500    43.500     0.000     0.000     0.000     0.000     0.000     0.000     0.000     0.000     0.000     0.000
  12      3.500     1.500     0.000     0.000     2.000     1.000     0.000     0.000     0.000     0.000     0.000     0.000
  13      0.000     0.000    20.000    10.000     0.000     0.000     0.000     0.000     0.000     0.000     0.000     0.000
  14     67.500    35.000     0.000     0.000     0.000     0.000     0.000     0.000     0.000     0.000     0.000     0.000
  15     13.500     6.500    10.000     5.000    25.000    10.000     0.000     0.000     0.000     0.000     0.000     0.000
  16      0.000     0.000     2.000     1.000     0.000     0.000     0.000     0.000     0.000     0.000     0.000     0.000
  17      0.000     0.000     0.000     0.000     0.000     0.000     0.000     0.000     0.000     0.000     0.000     0.000
  18      0.000     0.000     2.000     1.000     0.000     0.000     0.000     0.000     0.000     0.000     0.000     0.000
  19      3.500     1.500     1.000     0.500     3.000     1.500     0.000     0.000     0.000     0.000     0.000     0.000
  20      0.000     0.000     0.000     0.000     0.000     0.000     0.000     0.000     0.000     0.000     0.000     0.000
  21      6.500     3.000     8.500     4.500     9.500     5.000     0.000     0.000     0.000     0.000     0.000     0.000
  22    150.000    75.000   150.000    75.000   150.000    75.000     0.000     0.000     0.000     0.000     0.000     0.000
  23     10.000     5.000    17.500     9.000    61.500    31.000     0.000     0.000     0.000     0.000     0.000     0.000
  24      1.000     0.500     0.000     0.000     0.000     0.000     0.000     0.000     0.000     0.000     0.000     0.000
  25     43.000    27.500    35.000    24.000    96.000    54.500     0.000     0.000     0.000     0.000     0.000     0.000
  26      4.500     2.500     0.000     0.000     0.000     0.000     0.000     0.000     0.000     0.000     0.000     0.000
  27     24.000    12.000    16.000     8.500    21.000    11.000     0.000     0.000     0.000     0.000     0.000     0.000
  28    139.500   107.500   147.500   111.000   145.000   110.500     0.000   100.000     0.000   100.000     0.000   100.000
  29      0.000     0.000    14.000     7.000     0.000     0.000     0.000     0.000     0.000     0.000     0.000     0.000
  30     18.000    11.500    20.000    12.500     9.000     7.000     0.000     0.000     0.000     0.000     0.000     0.000
  31      0.000     0.000    24.000    11.500    10.000     5.500     0.000     0.000     0.000     0.000     0.000     0.000
  32      0.000     0.000    14.000     7.000     0.000     0.000     0.000     0.000     0.000     0.000     0.000     0.000
  33     20.000    16.000    31.500    21.500    20.000    16.000     0.000   150.000     0.000   150.000     0.000   150.000
   
        noi  nof         [Zaa]               [Zbb]                [Zcc]            [Znn]             [Zab]               [Zac]               [Zan]                [Zbc]               [Zbn]                [Zcn]               [DL_km]
  CP  30    20    1.1093    1.0112    1.1093    1.0112     1.1093    1.0112  1.1093    1.0112  .0592     .5292     .0592     .4851     .0592     .4890      .0592     .4521     .0592     .4680      .0592     .4772    CP    0.7864
  CP  20    15    1.1093    1.0112    1.1093    1.0112     1.1093    1.0112  1.1093    1.0112  .0592     .5292     .0592     .4851     .0592     .4890      .0592     .4521     .0592     .4680      .0592     .4772  	 CP    0.5273
  CP  15    10    1.1093    1.0112    1.1093    1.0112     1.1093    1.0112  1.1093    1.0112  .0592     .5292     .0592     .4851     .0592     .4890      .0592     .4521     .0592     .4680      .0592     .4772  	 CP    9.8237
  CP  10     4     .0000     .0000     .4271     .9610      .0000     .0000   .4271     .9610  .0000     .0000     .0000     .0000     .0000     .0000      .0000     .0000     .0592     .4768      .0000     .0000  	 CP    1.7691
  CP  10     5    1.1093    1.0112    1.1093    1.0112     1.1093    1.0112  1.1093    1.0112  .0592     .5292     .0592     .4851     .0592     .4890      .0592     .4521     .0592     .4680      .0592     .4772  	 CP   11.4300
  CP   5    23    1.1093    1.0112    1.1093    1.0112     1.1093    1.0112  1.1093    1.0112  .0592     .5292     .0592     .4851     .0592     .4890      .0592     .4521     .0592     .4680      .0592     .4772  	 CP    9.0617
  CP  23     7    1.1093    1.0112    1.1093    1.0112     1.1093    1.0112  1.1093    1.0112  .0592     .5292     .0592     .4851     .0592     .4890      .0592     .4521     .0592     .4680      .0592     .4772  	 CP    0.0001
  CP   7     8    1.1093    1.0112    1.1093    1.0112     1.1093    1.0112  1.1093    1.0112  .0592     .5292     .0592     .4851     .0592     .4890      .0592     .4521     .0592     .4680      .0592     .4772  	 CP    0.0945
  CP   8    12    1.1093    1.0112    1.1093    1.0112     1.1093    1.0112  1.1093    1.0112  .0592     .5292     .0592     .4851     .0592     .4890      .0592     .4521     .0592     .4680      .0592     .4772  	 CP    3.1120
  CP   8    28     .4271     .9610     .0000     .0000      .0000     .0000   .4271     .9610  .0000     .0000     .0000     .0000     .0592     .4768      .0000     .0000     .0000     .0000      .0000     .0000  	 CP   14.6761
  CP  28    29     .4271     .9610     .0000     .0000      .0000     .0000   .4271     .9610  .0000     .0000     .0000     .0000     .0592     .4768      .0000     .0000     .0000     .0000      .0000     .0000  	 CP    0.5212
  CP  28    33    1.1093    1.0112    1.1093    1.0112     1.1093    1.0112  1.1093    1.0112  .0592     .5292     .0592     .4851     .0592     .4890      .0592     .4521     .0592     .4680      .0592     .4772  	 CP    0.1615
  CP  12    16    1.1093    1.0112    1.1093    1.0112     1.1093    1.0112  1.1093    1.0112  .0592     .5292     .0592     .4851     .0592     .4890      .0592     .4521     .0592     .4680      .0592     .4772  	 CP    0.2560
  CP  16    21     .0000     .0000     .4271     .9610      .0000     .0000   .4271     .9610  .0000     .0000     .0000     .0000     .0000     .0000      .0000     .0000     .0592     .4768      .0000     .0000  	 CP    0.9235
  CP  29     34     .4271     .9610     .0000     .0000      .0000     .0000   .4271     .9610  .0000     .0000     .0000     .0000     .0592     .4768      .0000     .0000     .0000     .0000      .0000     .0000  	 CP    4.1880
  CP   34     1    1.1093    1.0112    1.1093    1.0112     1.1093    1.0112  1.1093    1.0112  .0592     .5292     .0592     .4851     .0592     .4890      .0592     .4521     .0592     .4680      .0592     .4772  	 CP    6.2301
  CP   1    13    1.1093    1.0112    1.1093    1.0112     1.1093    1.0112  1.1093    1.0112  .0592     .5292     .0592     .4851     .0592     .4890      .0592     .4521     .0592     .4680      .0592     .4772  	 CP    0.1585
  CP   1    11    1.1093    1.0112    1.1093    1.0112     1.1093    1.0112  1.1093    1.0112  .0592     .5292     .0592     .4851     .0592     .4890      .0592     .4521     .0592     .4680      .0592     .4772  	 CP   11.2258
  CP  13     3     .0000     .0000     .4271     .9610      .0000     .0000   .4271     .9610  .0000     .0000     .0000     .0000     .0000     .0000      .0000     .0000     .0592     .4768      .0000     .0000  	 CP    7.1110
  CP   3    19    1.1093    1.0112    1.1093    1.0112     1.1093    1.0112  1.1093    1.0112  .0592     .5292     .0592     .4851     .0592     .4890      .0592     .4521     .0592     .4680      .0592     .4772  	 CP    0.0001
  CP   3    17     .0000     .0000     .0000     .0000      .0000     .0000   .0000     .0000  .0000     .0000     .0000     .0000     .0000     .0000      .0000     .0000     .0000     .0000      .0000     .0000  	 CP    0.0001
  CP  19    27    1.1093    1.0112    1.1093    1.0112     1.1093    1.0112  1.1093    1.0112  .0592     .5292     .0592     .4851     .0592     .4890      .0592     .4521     .0592     .4680      .0592     .4772  	 CP    1.4935
  CP  17    24     .7552    1.0063     .7552    1.0063      .7552    1.0063   .7552    1.0063  .0592     .5292     .0592     .4851     .0592     .4890      .0592     .4521     .0592     .4680      .0592     .4772  	 CP    3.2187
  CP  19    32    1.1093    1.0112    1.1093    1.0112     1.1093    1.0112  1.1093    1.0112  .0592     .5292     .0592     .4851     .0592     .4890      .0592     .4521     .0592     .4680      .0592     .4772  	 CP    1.7770
  CP  32     9     .0000     .0000     .4271     .9610      .0000     .0000   .4271     .9610  .0000     .0000     .0000     .0000     .0000     .0000      .0000     .0000     .0592     .4768      .0000     .0000  	 CP    0.4938
  CP  32    18    1.1093    1.0112    1.1093    1.0112     1.1093    1.0112  1.1093    1.0112  .0592     .5292     .0592     .4851     .0592     .4890      .0592     .4521     .0592     .4680      .0592     .4772  	 CP    0.6157
  CP   9    22    1.1093    1.0112    1.1093    1.0112     1.1093    1.0112  1.1093    1.0112  .0592     .5292     .0592     .4851     .0592     .4890      .0592     .4521     .0592     .4680      .0592     .4772  	 CP    0.0853
  CP  22    14    1.1093    1.0112    1.1093    1.0112     1.1093    1.0112  1.1093    1.0112  .0592     .5292     .0592     .4851     .0592     .4890      .0592     .4521     .0592     .4680      .0592     .4772  	 CP    0.4115
  CP  14     2    1.1093    1.0112    1.1093    1.0112     1.1093    1.0112  1.1093    1.0112  .0592     .5292     .0592     .4851     .0592     .4890      .0592     .4521     .0592     .4680      .0592     .4772  	 CP    0.8169
  CP  18    31    1.1093    1.0112    1.1093    1.0112     1.1093    1.0112  1.1093    1.0112  .0592     .5292     .0592     .4851     .0592     .4890      .0592     .4521     .0592     .4680      .0592     .4772  	 CP    0.0853
  CP  31     6    1.1093    1.0112    1.1093    1.0112     1.1093    1.0112  1.1093    1.0112  .0592     .5292     .0592     .4851     .0592     .4890      .0592     .4521     .0592     .4680      .0592     .4772  	 CP    0.2621
  CP  31    25    1.1093    1.0112    1.1093    1.0112     1.1093    1.0112  1.1093    1.0112  .0592     .5292     .0592     .4851     .0592     .4890      .0592     .4521     .0592     .4680      .0592     .4772  	 CP    1.1095
  CP  25    26     .0000     .0000    1.1093    1.0112      .0000     .0000  1.1093    1.0112  .0000     .0000     .0000     .0000     .0000     .0000      .0000     .0000     .0592     .4768      .0000     .0000  	 CP    1.4813
  